15:30:39.412
route=[33, 35, 37, 39, 41, 43, 45, 47, 1, 13, 20, 49, 51, 53, 55, 57, 59, 61, 74, 75, 77, 79, 81, 83, 8, 48, 46, 44, 42, 40]
roads=[33, 35, 37, 39, 41, 43, 45, 45, 47, 47, 1, 1, 13, 13, 20, 20, 49, 51, 53, 55, 57, 59, 59, 61, 74, 74, 75, 77, 79, 81, 83, 8, 48, 48, 46, 46, 44, 42, 40]
parts=[1, 1, 1, 1, 1, 1, 1, 2, 1, 2, 1, 2, 1, 2, 1, 2, 1, 1, 1, 1, 1, 1, 2, 1, 1, 2, 1, 1, 1, 1, 1, 1, 1, 2, 1, 2, 1, 1, 1]
stops=[0, 0, 0, 0, 0, 0, 0, 0, 0, 1, 0, 0, 0, 1, 0, 0, 0, 0, 0, 0, 0, 0, 0, 1, 0, 0, 0, 0, 0, 0, 1, 0, 0, 0, 0, 0, 0, 0, 0]
points=[[-92.82217371548332, -82.09914817710803], [-76.66666666666667, -105.0], [-70.0, -105.0], [-60.0, -105.0], [-20.0, -105.0], [-10.0, -105.0], [-3.3333333333333357, -105.0], [14.34433619633035, -97.67766952966369], [21.666666666666664, -80.0], [21.666666666666664, -40.0], [21.666666666666668, 0.0], [15.320646925708532, 15.320646925708532], [0.0, 21.666666666666668], [-40.0, 21.666666666666668], [-80.0, 21.666666666666668], [-88.24957911384307, 25.08375421949028], [-91.66666666666667, 33.333333333333336], [-91.66666666666667, 41.66666666666667], [-91.66666666666667, 51.66666666666667], [-91.66666666666667, 91.66666666666667], [-91.66666666666667, 101.66666666666667], [-91.66666666666667, 110.0], [-87.27326838446488, 120.60660171779821], [-76.66666666666667, 125.0], [0.0, 125.0], [8.24957911384306, 121.58291244717638], [11.666666666666668, 113.33333333333333], [11.666666666666668, 103.33333333333333], [11.666666666666668, 93.33333333333333], [11.666666666666668, 53.33333333333333], [11.666666666666668, 43.33333333333333], [11.666666666666668, 33.333333333333336], [11.666666666666664, 0.0], [11.666666666666664, -40.0], [11.666666666666664, -80.0], [7.273268384464876, -90.60660171779821], [-3.3333333333333357, -95.0], [-10.0, -95.0], [-40.0, -85.0]]
15:38:11.248
route=[33, 35, 37, 39, 41, 43, 45, 47, 3, 102, 100, 98, 96, 94]
roads=[33, 35, 37, 39, 41, 43, 45, 45, 47, 47, 3, 3, 102, 102, 100, 100, 98, 96, 94]
parts=[1, 1, 1, 1, 1, 1, 1, 2, 1, 2, 1, 2, 1, 2, 1, 2, 1, 1, 1]
stops=[0, 0, 0, 0, 0, 0, 0, 0, 0, 1, 0, 0, 0, 0, 0, 0, 0, 0, 0]
points=[[-92.73710060977429, -81.72212413999998], [-76.66666666666667, -105.0], [-70.0, -105.0], [-60.0, -105.0], [-20.0, -105.0], [-10.0, -105.0], [-3.3333333333333357, -105.0], [14.34433619633035, -97.67766952966369], [21.666666666666664, -80.0], [21.666666666666664, -40.0], [21.666666666666668, 0.0], [25.08375421949028, 8.249579113843055], [33.33333333333334, 11.666666666666679], [73.33333333333334, 11.666666666666679], [113.33333333333334, 11.666666666666679], [131.01100286299703, 18.988997137002993], [138.33333333333334, 36.66666666666668], [138.33333333333334, 43.33333333333334], [148.33333333333334, 73.33333333333334]]
15:58:46.807
route=[33, 35, 37, 39, 41, 43, 45, 47, 2, 84, 82, 80]
roads=[33, 35, 37, 39, 41, 43, 45, 45, 47, 47, 2, 84, 82, 80]
parts=[1, 1, 1, 1, 1, 1, 1, 2, 1, 2, 1, 1, 1, 1]
stops=[0, 0, 0, 0, 0, 0, 0, 0, 0, 1, 0, 0, 0, 0]
points=[[-91.72432264821329, -81.69227049442995], [-76.66666666666667, -105.0], [-70.0, -105.0], [-60.0, -105.0], [-20.0, -105.0], [-10.0, -105.0], [-3.3333333333333357, -105.0], [14.34433619633035, -97.67766952966369], [21.666666666666664, -80.0], [21.666666666666664, -40.0], [21.666666666666668, 0.0], [21.666666666666668, 33.33333333333333], [21.666666666666668, 43.33333333333333], [31.666666666666668, 73.33333333333333]]
16:31:21.678
route=[33, 35, 37, 39, 41, 43, 45, 47, 1, 13, 20, 49, 51, 53, 55, 57, 59, 61, 74, 75, 77, 79]
roads=[33, 35, 37, 39, 41, 43, 45, 45, 47, 47, 1, 1, 13, 13, 20, 20, 49, 51, 53, 55, 57, 59, 59, 61, 74, 74, 75, 77, 79]
parts=[1, 1, 1, 1, 1, 1, 1, 2, 1, 2, 1, 2, 1, 2, 1, 2, 1, 1, 1, 1, 1, 1, 2, 1, 1, 2, 1, 1, 1]
stops=[0, 0, 0, 0, 0, 0, 0, 0, 0, 1, 0, 0, 0, 1, 0, 0, 0, 0, 0, 0, 0, 0, 0, 1, 0, 0, 0, 0, 0]
points=[[-92.2545618270475, -82.96180897716357], [-76.66666666666667, -105.0], [-70.0, -105.0], [-60.0, -105.0], [-20.0, -105.0], [-10.0, -105.0], [-3.3333333333333357, -105.0], [14.34433619633035, -97.67766952966369], [21.666666666666664, -80.0], [21.666666666666664, -40.0], [21.666666666666668, 0.0], [15.320646925708532, 15.320646925708532], [0.0, 21.666666666666668], [-40.0, 21.666666666666668], [-80.0, 21.666666666666668], [-88.24957911384307, 25.08375421949028], [-91.66666666666667, 33.333333333333336], [-91.66666666666667, 41.66666666666667], [-91.66666666666667, 51.66666666666667], [-91.66666666666667, 91.66666666666667], [-91.66666666666667, 101.66666666666667], [-91.66666666666667, 110.0], [-87.27326838446488, 120.60660171779821], [-76.66666666666667, 125.0], [0.0, 125.0], [8.24957911384306, 121.58291244717638], [11.666666666666668, 113.33333333333333], [11.666666666666668, 103.33333333333333], [1.6666666666666667, 73.33333333333333]]
16:37:11.641
route=[33, 35, 37, 39, 41, 43, 45, 47, 1, 13, 20, 49, 51, 53, 55, 57, 59, 61, 74, 75, 77, 79, 81, 83, 8, 48, 46, 44, 42, 40]
roads=[33, 35, 37, 39, 41, 43, 45, 45, 47, 47, 1, 1, 13, 13, 20, 20, 49, 51, 53, 55, 57, 59, 59, 61, 74, 74, 75, 77, 79, 81, 83, 8, 48, 48, 46, 46, 44, 42, 40]
parts=[1, 1, 1, 1, 1, 1, 1, 2, 1, 2, 1, 2, 1, 2, 1, 2, 1, 1, 1, 1, 1, 1, 2, 1, 1, 2, 1, 1, 1, 1, 1, 1, 1, 2, 1, 2, 1, 1, 1]
stops=[0, 0, 0, 0, 0, 0, 0, 0, 0, 1, 0, 0, 0, 1, 0, 0, 0, 0, 0, 0, 0, 0, 0, 1, 0, 0, 0, 0, 0, 0, 1, 0, 0, 0, 0, 0, 0, 0, 0]
points=[[-92.5234637284068, -82.0053418895057], [-76.66666666666667, -105.0], [-70.0, -105.0], [-60.0, -105.0], [-20.0, -105.0], [-10.0, -105.0], [-3.3333333333333357, -105.0], [14.34433619633035, -97.67766952966369], [21.666666666666664, -80.0], [21.666666666666664, -40.0], [21.666666666666668, 0.0], [15.320646925708532, 15.320646925708532], [0.0, 21.666666666666668], [-40.0, 21.666666666666668], [-80.0, 21.666666666666668], [-88.24957911384307, 25.08375421949028], [-91.66666666666667, 33.333333333333336], [-91.66666666666667, 41.66666666666667], [-91.66666666666667, 51.66666666666667], [-91.66666666666667, 91.66666666666667], [-91.66666666666667, 101.66666666666667], [-91.66666666666667, 110.0], [-87.27326838446488, 120.60660171779821], [-76.66666666666667, 125.0], [0.0, 125.0], [8.24957911384306, 121.58291244717638], [11.666666666666668, 113.33333333333333], [11.666666666666668, 103.33333333333333], [11.666666666666668, 93.33333333333333], [11.666666666666668, 53.33333333333333], [11.666666666666668, 43.33333333333333], [11.666666666666668, 33.333333333333336], [11.666666666666664, 0.0], [11.666666666666664, -40.0], [11.666666666666664, -80.0], [7.273268384464876, -90.60660171779821], [-3.3333333333333357, -95.0], [-10.0, -95.0], [-40.0, -85.0]]
