23:08:20.33
route=[33, 35, 37, 39, 41, 43, 45, 47, 2, 84, 82, 80, 78, 76, 63, 62, 60, 58, 56, 54]
roads=[33, 35, 37, 39, 41, 43, 45, 45, 47, 47, 2, 84, 82, 80, 78, 76, 63, 63, 62, 60, 60, 58, 56, 54]
parts=[1, 1, 1, 1, 1, 1, 1, 2, 1, 2, 1, 1, 1, 1, 1, 1, 1, 2, 1, 1, 2, 1, 1, 1]
stops=[0, 0, 0, 0, 0, 0, 0, 0, 0, 1, 0, 0, 0, 0, 0, 1, 0, 0, 0, 0, 0, 0, 0, 0]
points=[[-92.40961272361939, -81.86288039393264], [-76.66666666666667, -105.0], [-70.0, -105.0], [-60.0, -105.0], [-20.0, -105.0], [-10.0, -105.0], [-3.3333333333333357, -105.0], [14.34433619633035, -97.67766952966369], [21.666666666666664, -80.0], [21.666666666666664, -40.0], [21.666666666666668, 0.0], [21.666666666666668, 33.33333333333333], [21.666666666666668, 43.33333333333333], [21.666666666666668, 53.33333333333333], [21.666666666666668, 93.33333333333333], [21.666666666666668, 103.33333333333333], [21.666666666666668, 113.33333333333333], [15.320646925708534, 128.65398025904184], [0.0, 135.0], [-76.66666666666667, 135.0], [-94.34433619633036, 127.67766952966369], [-101.66666666666667, 110.0], [-101.66666666666667, 101.66666666666667], [-111.66666666666667, 71.66666666666667]]
23:14:16.372
route=[33, 35, 37, 39, 41, 43, 45, 47, 2, 84, 82, 80, 78, 76, 63, 62, 60, 58, 56, 54]
roads=[33, 35, 37, 39, 41, 43, 45, 45, 47, 47, 2, 84, 82, 80, 78, 76, 63, 63, 62, 60, 60, 58, 56, 54]
parts=[1, 1, 1, 1, 1, 1, 1, 2, 1, 2, 1, 1, 1, 1, 1, 1, 1, 2, 1, 1, 2, 1, 1, 1]
stops=[0, 0, 0, 0, 0, 0, 0, 0, 0, 1, 0, 0, 0, 0, 0, 1, 0, 0, 0, 0, 0, 0, 0, 0]
points=[[-92.22411099879803, -82.51554146218014], [-76.66666666666667, -105.0], [-70.0, -105.0], [-60.0, -105.0], [-20.0, -105.0], [-10.0, -105.0], [-3.3333333333333357, -105.0], [14.34433619633035, -97.67766952966369], [21.666666666666664, -80.0], [21.666666666666664, -40.0], [21.666666666666668, 0.0], [21.666666666666668, 33.33333333333333], [21.666666666666668, 43.33333333333333], [21.666666666666668, 53.33333333333333], [21.666666666666668, 93.33333333333333], [21.666666666666668, 103.33333333333333], [21.666666666666668, 113.33333333333333], [15.320646925708534, 128.65398025904184], [0.0, 135.0], [-76.66666666666667, 135.0], [-94.34433619633036, 127.67766952966369], [-101.66666666666667, 110.0], [-101.66666666666667, 101.66666666666667], [-111.66666666666667, 71.66666666666667]]
23:17:10.432
route=[33, 35, 37, 39, 41, 43, 45, 47, 1, 13, 20, 49, 51, 53, 55, 57, 59, 61, 74, 75, 77, 79, 81, 83, 8, 48, 46, 44, 42, 40]
roads=[33, 35, 37, 39, 41, 43, 45, 45, 47, 47, 1, 1, 13, 13, 20, 20, 49, 51, 53, 55, 57, 59, 59, 61, 74, 74, 75, 77, 79, 81, 83, 8, 48, 48, 46, 46, 44, 42, 40]
parts=[1, 1, 1, 1, 1, 1, 1, 2, 1, 2, 1, 2, 1, 2, 1, 2, 1, 1, 1, 1, 1, 1, 2, 1, 1, 2, 1, 1, 1, 1, 1, 1, 1, 2, 1, 2, 1, 1, 1]
stops=[0, 0, 0, 0, 0, 0, 0, 0, 0, 1, 0, 0, 0, 1, 0, 0, 0, 0, 0, 0, 0, 0, 0, 1, 0, 0, 0, 0, 0, 0, 1, 0, 0, 0, 0, 0, 0, 0, 0]
points=[[-92.33748700728188, -82.60159395556475], [-76.66666666666667, -105.0], [-70.0, -105.0], [-60.0, -105.0], [-20.0, -105.0], [-10.0, -105.0], [-3.3333333333333357, -105.0], [14.34433619633035, -97.67766952966369], [21.666666666666664, -80.0], [21.666666666666664, -40.0], [21.666666666666668, 0.0], [15.320646925708532, 15.320646925708532], [0.0, 21.666666666666668], [-40.0, 21.666666666666668], [-80.0, 21.666666666666668], [-88.24957911384307, 25.08375421949028], [-91.66666666666667, 33.333333333333336], [-91.66666666666667, 41.66666666666667], [-91.66666666666667, 51.66666666666667], [-91.66666666666667, 91.66666666666667], [-91.66666666666667, 101.66666666666667], [-91.66666666666667, 110.0], [-87.27326838446488, 120.60660171779821], [-76.66666666666667, 125.0], [0.0, 125.0], [8.24957911384306, 121.58291244717638], [11.666666666666668, 113.33333333333333], [11.666666666666668, 103.33333333333333], [11.666666666666668, 93.33333333333333], [11.666666666666668, 53.33333333333333], [11.666666666666668, 43.33333333333333], [11.666666666666668, 33.333333333333336], [11.666666666666664, 0.0], [11.666666666666664, -40.0], [11.666666666666664, -80.0], [7.273268384464876, -90.60660171779821], [-3.3333333333333357, -95.0], [-10.0, -95.0], [-40.0, -85.0]]
